1992	1993	1994	1995	1996	1997	1998	1999	2000	2001	2002	2003	2004	2005	2006	2007	2008	2009	2010	2011	2012
0.008955	0.008670	0.008203	0.007492	0.006773	0.006297	0.006004	0.005721	0.005236	0.005003	0.004670	0.004388	0.004005	0.003763	0.003673	0.003532	0.003431	0.003451	0.003481	0.003431	0.003290
0.000515	0.000464	0.000454	0.000453	0.000453	0.000403	0.000352	0.000302	0.000292	0.000291	0.000291	0.000271	0.000261	0.000251	0.000261	0.000251	0.000241	0.000231	0.000231	0.000241	0.000241
0.000363	0.000373	0.000363	0.000363	0.000343	0.000322	0.000292	0.000262	0.000231	0.000211	0.000211	0.000211	0.000201	0.000191	0.000191	0.000191	0.000181	0.000181	0.000171	0.000171	0.000171
0.000283	0.000303	0.000293	0.000292	0.000272	0.000262	0.000242	0.000221	0.000181	0.000171	0.000171	0.000171	0.000161	0.000151	0.000151	0.000141	0.000141	0.000141	0.000131	0.000131	0.000130
0.000232	0.000252	0.000242	0.000242	0.000222	0.000222	0.000211	0.000191	0.000151	0.000141	0.000141	0.000141	0.000131	0.000131	0.000121	0.000110	0.000110	0.000110	0.000110	0.000100	0.000110
0.000212	0.000222	0.000212	0.000212	0.000202	0.000202	0.000181	0.000171	0.000141	0.000131	0.000131	0.000141	0.000121	0.000110	0.000110	0.000110	0.000100	0.000100	0.000100	0.000090	0.000100
0.000222	0.000222	0.000202	0.000202	0.000192	0.000191	0.000171	0.000151	0.000131	0.000131	0.000131	0.000121	0.000121	0.000111	0.000100	0.000100	0.000100	0.000090	0.000090	0.000090	0.000090
0.000222	0.000222	0.000202	0.000202	0.000182	0.000171	0.000161	0.000141	0.000131	0.000121	0.000131	0.000121	0.000111	0.000100	0.000100	0.000110	0.000100	0.000090	0.000090	0.000080	0.000080
0.000212	0.000212	0.000202	0.000192	0.000171	0.000161	0.000161	0.000131	0.000121	0.000111	0.000131	0.000121	0.000121	0.000100	0.000090	0.000100	0.000100	0.000090	0.000080	0.000080	0.000070
0.000202	0.000202	0.000202	0.000192	0.000172	0.000161	0.000161	0.000141	0.000121	0.000111	0.000131	0.000131	0.000121	0.000100	0.000090	0.000090	0.000090	0.000090	0.000080	0.000090	0.000070
0.000192	0.000192	0.000192	0.000182	0.000161	0.000161	0.000151	0.000141	0.000131	0.000121	0.000131	0.000121	0.000111	0.000101	0.000090	0.000090	0.000090	0.000090	0.000090	0.000090	0.000080
0.000202	0.000202	0.000192	0.000192	0.000182	0.000182	0.000171	0.000161	0.000141	0.000131	0.000121	0.000131	0.000111	0.000111	0.000101	0.000090	0.000090	0.000111	0.000111	0.000100	0.000090
0.000233	0.000243	0.000222	0.000222	0.000212	0.000222	0.000202	0.000191	0.000171	0.000161	0.000141	0.000141	0.000131	0.000131	0.000131	0.000121	0.000111	0.000131	0.000121	0.000121	0.000100
0.000304	0.000314	0.000293	0.000283	0.000273	0.000272	0.000252	0.000242	0.000232	0.000211	0.000181	0.000181	0.000161	0.000171	0.000161	0.000151	0.000151	0.000161	0.000151	0.000141	0.000131
0.000435	0.000425	0.000405	0.000384	0.000374	0.000353	0.000343	0.000333	0.000302	0.000272	0.000262	0.000242	0.000231	0.000211	0.000211	0.000211	0.000211	0.000231	0.000201	0.000191	0.000161
0.000618	0.000587	0.000567	0.000526	0.000505	0.000475	0.000444	0.000424	0.000383	0.000363	0.000353	0.000342	0.000312	0.000282	0.000282	0.000292	0.000292	0.000302	0.000261	0.000251	0.000221
0.000801	0.000780	0.000750	0.000698	0.000667	0.000626	0.000576	0.000535	0.000504	0.000484	0.000474	0.000463	0.000433	0.000392	0.000382	0.000382	0.000382	0.000382	0.000342	0.000342	0.000292
0.000934	0.000913	0.000892	0.000851	0.000820	0.000768	0.000717	0.000656	0.000615	0.000595	0.000585	0.000574	0.000544	0.000513	0.000483	0.000473	0.000473	0.000463	0.000423	0.000402	0.000352
0.001016	0.001005	0.000984	0.000963	0.000932	0.000880	0.000819	0.000768	0.000747	0.000706	0.000686	0.000666	0.000635	0.000614	0.000574	0.000544	0.000534	0.000523	0.000483	0.000463	0.000412
0.001068	0.001057	0.001026	0.001015	0.001004	0.000962	0.000911	0.000880	0.000859	0.000818	0.000747	0.000716	0.000706	0.000695	0.000635	0.000584	0.000564	0.000554	0.000534	0.000503	0.000453
0.001109	0.001079	0.001037	0.001026	0.001015	0.001014	0.000973	0.000962	0.000930	0.000879	0.000798	0.000737	0.000716	0.000726	0.000686	0.000635	0.000605	0.000605	0.000564	0.000524	0.000473
0.001162	0.001120	0.001048	0.001007	0.000985	0.001005	0.000994	0.001013	0.000982	0.000931	0.000829	0.000758	0.000737	0.000727	0.000726	0.000666	0.000625	0.000615	0.000554	0.000524	0.000484
0.001214	0.001173	0.001070	0.001008	0.000996	0.001036	0.001025	0.001045	0.001003	0.000942	0.000860	0.000779	0.000748	0.000737	0.000747	0.000696	0.000646	0.000616	0.000555	0.000534	0.000504
0.001236	0.001164	0.001051	0.000988	0.000977	0.001027	0.001047	0.001046	0.001004	0.000943	0.000881	0.000789	0.000759	0.000748	0.000758	0.000727	0.000677	0.000626	0.000565	0.000545	0.000514
0.001278	0.001196	0.001062	0.000989	0.000978	0.001008	0.001027	0.001006	0.000985	0.000944	0.000902	0.000800	0.000759	0.000749	0.000758	0.000728	0.000667	0.000647	0.000576	0.000565	0.000535
0.001331	0.001228	0.001094	0.001000	0.000999	0.001009	0.000998	0.000967	0.000955	0.000924	0.000893	0.000811	0.000780	0.000780	0.000769	0.000738	0.000667	0.000637	0.000586	0.000576	0.000545
0.001354	0.001281	0.001146	0.001053	0.001031	0.001010	0.000999	0.000947	0.000936	0.000915	0.000884	0.000822	0.000781	0.000790	0.000790	0.000769	0.000698	0.000658	0.000607	0.000576	0.000545
0.001376	0.001334	0.001229	0.001136	0.001083	0.001021	0.000990	0.000948	0.000927	0.000905	0.000874	0.000812	0.000791	0.000801	0.000801	0.000770	0.000709	0.000668	0.000607	0.000576	0.000546
0.001419	0.001397	0.001334	0.001270	0.001197	0.001114	0.001032	0.000959	0.000938	0.000896	0.000865	0.000803	0.000782	0.000792	0.000801	0.000781	0.000730	0.000689	0.000628	0.000577	0.000546
0.001452	0.001440	0.001407	0.001374	0.001311	0.001197	0.001094	0.001021	0.000969	0.000917	0.000845	0.000773	0.000762	0.000772	0.000792	0.000771	0.000750	0.000720	0.000669	0.000597	0.000567
0.001485	0.001504	0.001512	0.001489	0.001436	0.001312	0.001157	0.001053	0.000980	0.000928	0.000856	0.000774	0.000752	0.000752	0.000782	0.000751	0.000751	0.000741	0.000689	0.000628	0.000587
0.001518	0.001548	0.001566	0.001564	0.001520	0.001395	0.001240	0.001116	0.001022	0.000939	0.000847	0.000784	0.000743	0.000763	0.000783	0.000762	0.000762	0.000741	0.000710	0.000649	0.000598
0.001510	0.001561	0.001610	0.001618	0.001615	0.001469	0.001313	0.001168	0.001054	0.000981	0.000888	0.000816	0.000764	0.000763	0.000784	0.000753	0.000742	0.000721	0.000721	0.000670	0.000638
0.001502	0.001532	0.001581	0.001620	0.001659	0.001523	0.001356	0.001180	0.001065	0.001003	0.000930	0.000847	0.000795	0.000774	0.000794	0.000763	0.000753	0.000732	0.000742	0.000711	0.000679
0.001494	0.001514	0.001553	0.001612	0.001683	0.001577	0.001389	0.001181	0.001097	0.001055	0.000992	0.000899	0.000836	0.000816	0.000826	0.000794	0.000784	0.000763	0.000752	0.000731	0.000721
0.001496	0.001485	0.001524	0.001584	0.001665	0.001590	0.001412	0.001234	0.001129	0.001097	0.001024	0.000940	0.000878	0.000857	0.000867	0.000846	0.000825	0.000804	0.000794	0.000752	0.000741
0.001488	0.001497	0.001537	0.001597	0.001667	0.001603	0.001434	0.001266	0.001192	0.001150	0.001076	0.001003	0.000940	0.000919	0.000919	0.000898	0.000877	0.000846	0.000815	0.000783	0.000772
0.001522	0.001510	0.001560	0.001620	0.001660	0.001595	0.001467	0.001340	0.001276	0.001202	0.001118	0.001065	0.001023	0.001012	0.000991	0.000960	0.000939	0.000908	0.000856	0.000815	0.000804
0.001608	0.001565	0.001604	0.001665	0.001704	0.001618	0.001511	0.001404	0.001350	0.001276	0.001191	0.001128	0.001106	0.001105	0.001064	0.001022	0.000991	0.000960	0.000928	0.000876	0.000865
0.001704	0.001598	0.001638	0.001699	0.001749	0.001673	0.001586	0.001499	0.001434	0.001360	0.001286	0.001232	0.001199	0.001188	0.001168	0.001115	0.001094	0.001053	0.001011	0.000969	0.000927
0.001843	0.001748	0.001735	0.001754	0.001762	0.001717	0.001651	0.001584	0.001509	0.001455	0.001380	0.001326	0.001293	0.001272	0.001261	0.001229	0.001187	0.001156	0.001104	0.001062	0.001040
0.002036	0.001929	0.001916	0.001861	0.001807	0.001772	0.001737	0.001701	0.001594	0.001529	0.001454	0.001400	0.001367	0.001335	0.001355	0.001334	0.001312	0.001280	0.001228	0.001176	0.001133
0.002198	0.002164	0.002109	0.002054	0.001947	0.001880	0.001844	0.001839	0.001742	0.001676	0.001580	0.001505	0.001472	0.001440	0.001450	0.001418	0.001406	0.001405	0.001352	0.001300	0.001237
0.002298	0.002348	0.002345	0.002247	0.002139	0.002030	0.001962	0.001957	0.001880	0.001814	0.001707	0.001621	0.001598	0.001555	0.001576	0.001533	0.001521	0.001510	0.001488	0.001414	0.001351
0.002377	0.002480	0.002561	0.002516	0.002397	0.002276	0.002154	0.002107	0.002050	0.001984	0.001886	0.001789	0.001745	0.001702	0.001723	0.001680	0.001657	0.001626	0.001603	0.001570	0.001507
0.002584	0.002561	0.002653	0.002723	0.002666	0.002534	0.002432	0.002342	0.002252	0.002154	0.002077	0.001989	0.001934	0.001871	0.001881	0.001848	0.001836	0.001773	0.001729	0.001686	0.001653
0.002953	0.002790	0.002734	0.002879	0.002874	0.002836	0.002711	0.002620	0.002477	0.002358	0.002258	0.002201	0.002135	0.002071	0.002040	0.001996	0.001984	0.001920	0.001856	0.001823	0.001820
0.003506	0.003192	0.003061	0.002940	0.003074	0.003077	0.003035	0.002932	0.002798	0.002625	0.002535	0.002414	0.002379	0.002294	0.002252	0.002187	0.002174	0.002111	0.002066	0.002012	0.001999
0.003946	0.003695	0.003508	0.003162	0.003211	0.003373	0.003341	0.003247	0.003101	0.002957	0.002740	0.002639	0.002604	0.002559	0.002465	0.002420	0.002356	0.002343	0.002299	0.002254	0.002220
0.004360	0.004116	0.004099	0.003525	0.003446	0.003534	0.003650	0.003501	0.003396	0.003251	0.002979	0.002908	0.002851	0.002764	0.002722	0.002676	0.002601	0.002578	0.002512	0.002529	0.002463
0.004650	0.004587	0.004655	0.004117	0.003886	0.003835	0.003845	0.003875	0.003672	0.003589	0.003262	0.003295	0.003132	0.003034	0.003012	0.002997	0.002858	0.002866	0.002779	0.002796	0.002740
0.005030	0.005052	0.005120	0.004631	0.004494	0.004301	0.004170	0.004104	0.004069	0.003931	0.003611	0.003717	0.003510	0.003359	0.003326	0.003290	0.003212	0.003168	0.003048	0.003033	0.003008
0.005481	0.005503	0.005495	0.005227	0.005045	0.004978	0.004661	0.004518	0.004374	0.004351	0.004006	0.004144	0.003892	0.003771	0.003653	0.003585	0.003527	0.003535	0.003361	0.003325	0.003299
0.006127	0.006016	0.005985	0.005680	0.005746	0.005655	0.005311	0.005131	0.004791	0.004670	0.004652	0.004608	0.004406	0.004219	0.004122	0.003904	0.003920	0.003874	0.003751	0.003715	0.003604
0.006774	0.006461	0.006517	0.006328	0.006305	0.006441	0.005916	0.005851	0.005419	0.005091	0.004984	0.005143	0.004799	0.004738	0.004586	0.004334	0.004306	0.004281	0.004199	0.004130	0.004028
0.007578	0.007159	0.007060	0.006987	0.006742	0.007000	0.006773	0.006464	0.006133	0.005701	0.005440	0.005503	0.005358	0.005156	0.005109	0.004854	0.004858	0.004736	0.004609	0.004528	0.004488
0.008445	0.008107	0.007860	0.007738	0.007410	0.007471	0.007404	0.007364	0.006838	0.006398	0.006034	0.006085	0.005656	0.005807	0.005673	0.005457	0.005374	0.005283	0.005068	0.004996	0.004955
0.009368	0.009067	0.008723	0.008495	0.008115	0.008008	0.008027	0.008039	0.007756	0.007175	0.006900	0.006798	0.006198	0.006188	0.006355	0.005940	0.006006	0.005816	0.005588	0.005482	0.005440
0.010478	0.010190	0.009814	0.009362	0.009052	0.008648	0.008754	0.008764	0.008316	0.008156	0.007630	0.007711	0.007002	0.006706	0.006755	0.006714	0.006628	0.006500	0.006181	0.006181	0.006007
0.011946	0.011265	0.010948	0.010504	0.010208	0.009680	0.009568	0.009564	0.008969	0.008904	0.008710	0.008546	0.007954	0.007553	0.007360	0.007263	0.007427	0.007132	0.006937	0.006870	0.006639
0.013302	0.012599	0.012177	0.011868	0.011607	0.010925	0.010588	0.010341	0.009821	0.009671	0.009459	0.009738	0.008895	0.008574	0.008101	0.007834	0.007868	0.007963	0.007686	0.007673	0.007382
0.014626	0.013993	0.013580	0.013174	0.012762	0.012362	0.011837	0.011210	0.010616	0.010517	0.010285	0.010590	0.010198	0.009532	0.009082	0.008775	0.008519	0.008493	0.008585	0.008382	0.008338
0.016201	0.015541	0.015159	0.014733	0.014018	0.013745	0.013270	0.012552	0.011842	0.011228	0.011215	0.011504	0.011029	0.010833	0.010056	0.009785	0.009399	0.009349	0.009117	0.009288	0.009152
0.017715	0.017258	0.016649	0.016237	0.015640	0.015280	0.014891	0.014097	0.013263	0.012358	0.012154	0.012448	0.011944	0.011809	0.011447	0.010676	0.010530	0.010410	0.009820	0.009802	0.010201
0.019520	0.019097	0.018646	0.017801	0.017360	0.017017	0.016460	0.015706	0.014716	0.013742	0.013442	0.013331	0.012891	0.012704	0.012526	0.012135	0.011651	0.011675	0.010931	0.010729	0.010782
0.021773	0.021204	0.020624	0.019960	0.019166	0.018679	0.018500	0.017449	0.016376	0.015445	0.014983	0.014559	0.013838	0.013795	0.013621	0.013368	0.013321	0.012751	0.012331	0.011880	0.011703
0.024022	0.023453	0.022785	0.022154	0.021546	0.020506	0.020511	0.019419	0.018202	0.017213	0.016787	0.016200	0.015217	0.014751	0.014819	0.014470	0.014455	0.014397	0.013594	0.013491	0.012910
0.026034	0.025813	0.025219	0.024356	0.023772	0.022752	0.022525	0.021627	0.020376	0.019145	0.018740	0.018276	0.017206	0.016232	0.015899	0.015715	0.015649	0.015658	0.015264	0.014858	0.014528
0.028482	0.027723	0.027596	0.026995	0.026257	0.025184	0.025157	0.023672	0.022562	0.021336	0.020635	0.020350	0.019419	0.018140	0.017323	0.016808	0.017103	0.017012	0.016646	0.016753	0.016047
0.031010	0.030402	0.029803	0.029654	0.029079	0.028243	0.027925	0.026323	0.024692	0.023741	0.023082	0.022585	0.021554	0.020715	0.019117	0.018463	0.018504	0.018642	0.018058	0.018226	0.018150
0.032892	0.033191	0.032772	0.032217	0.031761	0.031110	0.031122	0.029270	0.027431	0.026055	0.025863	0.025412	0.023691	0.023305	0.021638	0.020713	0.020220	0.019943	0.019956	0.019776	0.019729
0.034487	0.035457	0.035980	0.035423	0.034383	0.034285	0.034673	0.032689	0.030174	0.028896	0.028687	0.028202	0.026506	0.025937	0.024277	0.023541	0.022707	0.021909	0.021437	0.021450	0.021600
0.037695	0.037266	0.038406	0.038895	0.037953	0.037034	0.037862	0.036217	0.033625	0.031771	0.032078	0.031202	0.029411	0.028982	0.027021	0.026428	0.025610	0.024686	0.023832	0.023122	0.023690
0.042761	0.040895	0.040397	0.041537	0.041447	0.040747	0.040905	0.040239	0.037507	0.035312	0.035442	0.035479	0.032671	0.032053	0.030379	0.029397	0.028687	0.028110	0.026593	0.025558	0.025613
0.050675	0.046011	0.044078	0.043844	0.044325	0.044854	0.044946	0.043582	0.042048	0.039371	0.039380	0.039255	0.036761	0.035268	0.033899	0.033324	0.032285	0.031377	0.030134	0.028721	0.028717
0.058286	0.055308	0.049820	0.047183	0.046784	0.048313	0.049112	0.048198	0.046136	0.044131	0.043762	0.043659	0.040632	0.039676	0.037516	0.037257	0.036594	0.035370	0.033650	0.032673	0.032260
0.063573	0.063967	0.059858	0.052821	0.051420	0.050820	0.053085	0.052896	0.051296	0.048449	0.048521	0.048971	0.045189	0.044226	0.042395	0.041216	0.040619	0.040037	0.037545	0.036862	0.036525
0.067359	0.070190	0.069738	0.063480	0.058520	0.055564	0.056521	0.056829	0.056202	0.054171	0.053623	0.054161	0.050463	0.049381	0.047252	0.046331	0.045286	0.045041	0.042346	0.041689	0.041357
0.070022	0.075555	0.076727	0.074126	0.070134	0.063282	0.062056	0.060114	0.060519	0.059810	0.059859	0.060411	0.055961	0.055441	0.052530	0.051832	0.051727	0.050074	0.047962	0.047827	0.046736
0.075930	0.078861	0.081906	0.082220	0.081408	0.075918	0.070918	0.066220	0.063837	0.064577	0.066572	0.068674	0.061913	0.061759	0.058663	0.057785	0.057677	0.056651	0.054157	0.054078	0.053342
0.083097	0.084766	0.085037	0.087936	0.089218	0.087846	0.084306	0.075813	0.069918	0.068475	0.073373	0.076712	0.069838	0.069126	0.065814	0.064885	0.064942	0.062974	0.062447	0.060354	0.060787
0.093105	0.092385	0.090629	0.091202	0.095414	0.096625	0.097109	0.092134	0.079097	0.075013	0.078486	0.084624	0.077345	0.078519	0.074299	0.073812	0.073163	0.071265	0.070469	0.068335	0.068513
0.102014	0.102528	0.099724	0.097498	0.098669	0.103412	0.107611	0.106524	0.095333	0.085170	0.085221	0.090683	0.085432	0.088307	0.085109	0.083138	0.082701	0.081417	0.079420	0.077049	0.078254
0.113459	0.112909	0.111967	0.107586	0.105742	0.107259	0.115285	0.117612	0.112394	0.102375	0.096487	0.098400	0.092467	0.097252	0.095555	0.095099	0.093294	0.092840	0.089335	0.086947	0.087964
0.125154	0.127117	0.122933	0.119941	0.115725	0.116080	0.120922	0.126642	0.126426	0.119029	0.115095	0.111121	0.100088	0.104772	0.105677	0.107528	0.107162	0.104702	0.101179	0.098094	0.099811
0.139617	0.140136	0.138111	0.132415	0.129802	0.127633	0.130988	0.132306	0.137537	0.131780	0.132333	0.133701	0.112613	0.113265	0.113099	0.118048	0.119719	0.119039	0.112021	0.110587	0.112563
0.152324	0.153870	0.151982	0.147994	0.142976	0.141474	0.142662	0.141463	0.143965	0.143325	0.147448	0.155219	0.134589	0.127183	0.123916	0.125431	0.131922	0.132286	0.128210	0.123226	0.127321
0.167402	0.166716	0.165163	0.164262	0.161548	0.156479	0.159135	0.154457	0.153382	0.149944	0.160398	0.174533	0.155693	0.154507	0.138723	0.138000	0.141185	0.144658	0.143710	0.140618	0.141735
0.182606	0.186245	0.178753	0.180535	0.178406	0.175473	0.175442	0.170841	0.162761	0.162434	0.167832	0.189131	0.175610	0.180485	0.164354	0.156996	0.154917	0.155232	0.157383	0.158949	0.160046
0.199776	0.201896	0.201926	0.194455	0.194583	0.195089	0.196211	0.187460	0.180173	0.178474	0.180737	0.197653	0.191796	0.202116	0.190266	0.186460	0.175442	0.168097	0.167812	0.172906	0.179216
0.217009	0.223679	0.220775	0.215570	0.209570	0.214416	0.218585	0.209382	0.198971	0.198388	0.194038	0.211340	0.201441	0.220388	0.212789	0.219511	0.210852	0.190173	0.185183	0.181463	0.194716
0.238266	0.244379	0.247960	0.234270	0.233645	0.234879	0.239335	0.230468	0.224727	0.215728	0.214940	0.227407	0.212630	0.226705	0.232579	0.246042	0.246209	0.232517	0.208633	0.196653	0.203558
0.262637	0.265462	0.266086	0.256650	0.252533	0.257101	0.261908	0.252667	0.248114	0.237514	0.238018	0.247642	0.226091	0.241195	0.244494	0.264120	0.277750	0.268307	0.248862	0.222204	0.216221
0.289604	0.287580	0.283036	0.281555	0.272375	0.281030	0.285041	0.276484	0.272016	0.261293	0.267812	0.270506	0.240381	0.260423	0.259711	0.270176	0.299528	0.301401	0.290622	0.268598	0.241543
0.317378	0.312191	0.304026	0.308176	0.295162	0.306472	0.310153	0.301687	0.296706	0.286546	0.285123	0.303388	0.261371	0.289795	0.275004	0.282247	0.311881	0.327568	0.321823	0.309598	0.288418
0.346514	0.342207	0.334692	0.337363	0.324561	0.335450	0.339312	0.330357	0.324460	0.313761	0.310592	0.338556	0.291260	0.319317	0.290139	0.299810	0.331983	0.335426	0.348498	0.336529	0.339402
0.375687	0.378928	0.379732	0.367940	0.362197	0.368474	0.374150	0.362488	0.356073	0.342191	0.321780	0.368375	0.320999	0.346975	0.319839	0.330299	0.350821	0.350955	0.359876	0.353169	0.372673
0.410698	0.414141	0.414931	0.402217	0.396090	0.402809	0.408844	0.396304	0.389359	0.374348	0.334518	0.380831	0.335907	0.369898	0.339501	0.357668	0.368529	0.368447	0.378890	0.366892	0.394440
0.448324	0.451064	0.452957	0.438936	0.432492	0.439052	0.446301	0.433022	0.425319	0.409583	0.350287	0.389623	0.348668	0.391467	0.361689	0.388518	0.388597	0.392241	0.402406	0.381090	0.410163
0.487696	0.490868	0.493506	0.477927	0.471404	0.478495	0.486641	0.471358	0.465050	0.447087	0.376677	0.409027	0.370113	0.420519	0.391421	0.423695	0.417793	0.425163	0.433809	0.406034	0.432007
0.583765	0.582301	0.585160	0.574746	0.566838	0.575101	0.582723	0.565534	0.556594	0.542219	0.497154	0.541867	0.495767	0.539646	0.506757	0.532837	0.539877	0.542878	0.552518	0.532527	0.481698
