1992	1993	1994	1995	1996	1997	1998	1999	2000	2001	2002	2003	2004	2005	2006	2007	2008	2009	2010	2011	2012
262256	293100	281875	274171	269122	273472	273404	270959	272792	274518	268267	274839	278291	286322	283649	286202	287891	291773	287649	282221	272408
267914	264589	292378	280911	273119	268728	271549	270301	269376	271686	271974	269702	275726	279519	286257	284033	287156	288161	290245	285931	279765
270613	270215	266124	291954	280284	272417	268475	270552	268321	268009	270631	273695	271783	276848	280728	286512	285277	287923	288058	288905	284756
273681	271914	271628	267907	291372	279718	271667	268351	269711	266437	266702	271945	275782	273928	278129	281678	287552	286476	288199	287787	287411
267722	275090	272863	273160	270243	290732	278860	271017	268274	268841	264789	268442	273495	277983	276100	278873	283412	288375	286963	288157	287514
270798	268585	276125	273918	275334	273657	290059	278324	270494	268120	268104	266673	270436	275159	280324	277776	280721	284716	288450	286978	288213
281702	272056	269269	277167	275287	278264	277272	289596	277828	269896	268064	269763	268896	272827	276859	282150	280583	282094	285399	288263	286615
286983	282668	272963	269983	278499	277396	281425	280841	289156	277278	269478	269596	271604	271141	275206	278220	285031	282972	282891	285879	287655
295917	287935	283481	273862	270912	280479	279695	284385	284236	288717	276891	271109	271262	273428	273738	277065	280575	287388	284693	283381	285572
305422	296877	288683	284348	275101	272273	282659	281842	287390	287799	288467	278498	272994	273193	275705	275699	279872	282725	289474	286107	282782
313202	306476	297623	289499	285485	276998	273896	284707	284025	290480	291140	289801	280240	275433	275365	277478	278607	282536	284244	291290	285992
319714	313920	307341	298411	290571	287181	279050	275401	286776	286194	293288	291924	291333	282354	277786	277058	280137	281223	284690	285519	290793
332506	320499	314535	308262	299422	292133	289045	280996	276864	288884	288214	294022	292878	293196	284573	279596	279623	282727	283504	286436	284887
355326	333136	321195	315215	309420	300935	293872	290802	282929	278359	290940	288944	294870	294387	295388	286207	282400	282155	284693	285365	285832
370807	355619	333623	321877	316024	311102	302586	295479	292507	284992	279903	291815	289821	296132	295870	296944	288777	285166	284292	286425	284775
392536	370835	355802	334114	322758	317236	313079	304113	297087	294336	286718	280760	292905	291152	297807	296981	299351	291438	287502	285994	285905
416912	392494	370836	355944	334759	324159	318655	314848	305639	298797	295918	286921	281932	294491	293102	299054	298899	301954	293921	289613	285523
438772	416679	392342	370776	356135	335784	325578	319965	316652	307354	300342	296294	287491	283999	296763	294856	301397	301376	304540	296276	289599
441511	438217	416420	392178	370711	356566	336904	326986	321417	318587	308785	300986	297339	289746	287316	299705	298614	305203	304987	307830	296890
450360	440749	437756	416166	391945	370810	356999	337796	328420	322854	320017	308580	302619	298482	291075	289540	304206	302932	308730	307860	308994
460945	449410	440231	437221	415881	392035	370999	357355	338934	329992	323843	319093	310655	304060	298452	291200	294533	308300	305988	310824	309180
454934	459623	448771	439609	436640	415933	392106	371060	357946	340339	331166	322665	321786	312481	304182	298444	295978	299362	311222	308553	312864
468311	453827	458786	448107	438898	436312	416019	392081	371410	358858	341330	330093	326150	324394	312557	304537	303783	300876	302605	314359	312052
463382	467361	453117	457906	447249	438513	435955	416003	392272	371939	359463	340888	335181	329516	324666	312941	310424	309146	304180	306561	318568
467341	462371	466725	452346	456854	446743	437985	435451	416193	392702	372401	359702	347237	339476	329701	324808	318710	316210	312489	307666	312538
481109	466366	461668	466060	451462	455983	445986	437435	435260	416753	393141	373351	367315	353087	340132	329702	330546	324216	319777	316689	314334
481513	480208	465626	460920	465404	451017	455044	445402	437053	435280	417274	394410	381660	374191	354313	340159	335357	335544	327527	323851	323736
490713	480652	479520	464756	460144	465077	450539	454102	444865	437042	435445	418472	403437	389216	375888	354567	346196	340133	338294	331242	330936
458353	489669	479975	478705	463866	459638	464598	449863	453317	444591	437153	437354	427549	411377	391659	376676	360593	350907	342082	341721	338518
444260	457623	488762	479053	477901	463161	458993	464073	449237	452668	444787	439339	447428	435874	414420	393177	383165	365271	353160	344615	349727
439555	443494	456955	487719	478105	477173	462364	458239	463601	448919	452944	447653	449295	456594	439285	416495	400409	388895	367353	355961	352970
423459	438699	442887	456214	486621	477383	476520	461436	457522	463286	448882	454678	455805	456267	459241	439871	422444	404774	390229	368889	362597
416447	422788	437938	442087	455408	485551	476592	475663	460539	457063	463197	450596	461469	461666	457709	459813	444698	425713	405546	391323	374800
398553	415758	422222	437019	441362	454851	484534	475782	474868	459808	456782	464582	456826	466655	462785	457602	464075	446842	425536	406024	396089
397319	397809	415099	421488	436189	440798	454369	483447	474952	474211	458966	456891	468613	459276	465315	460652	458835	463683	444682	424393	408903
392590	396505	397189	414289	420856	435451	440407	453819	482403	474259	473765	460353	462000	472656	459875	464619	463401	459724	462902	444035	427556
387243	391838	395757	396398	413532	420305	434840	439925	453313	481438	474606	476930	466886	468547	475310	461651	469199	466521	460857	464055	448291
384580	386544	391187	394794	395582	412889	419985	434137	439417	452916	481068	476968	481363	472093	470728	476330	465970	471602	467056	461476	466724
369708	383744	385887	390313	393815	394871	412343	419460	433443	438985	452696	482537	480595	484573	473376	471360	479763	467958	471393	466866	463007
368312	369009	382978	385003	389436	392771	394217	411628	418946	432833	438755	453867	486190	483882	485192	474056	475187	481627	468365	471255	468522
369332	367506	368313	381950	384166	388551	391790	393447	410945	418535	432341	439670	456710	489317	484699	485388	477560	477075	481685	468268	472138
386182	368532	366796	367438	380915	383296	387659	390686	392684	410353	418267	432838	442125	459253	490276	484798	487168	479299	477366	481338	468676
390831	385310	367705	365879	366570	379881	382416	386730	389480	392015	409822	418786	434904	444248	459840	490645	486490	487953	479404	477410	480896
412107	389836	384405	366743	364987	365659	378739	381458	385714	388385	391472	410238	420961	436727	444692	459935	492484	487232	487414	479074	476603
406355	410774	388817	383285	365685	363915	364732	377529	380435	384764	387455	391901	411989	422610	436896	444588	461302	493345	486669	486609	478259
410449	404908	409528	387628	382224	364657	362817	363635	376195	379469	383910	387938	393276	413305	422791	436452	445717	461656	492965	486061	484054
319991	408735	403492	408027	386308	380999	363544	361669	362490	374931	378575	384020	389445	394537	413526	422547	437289	445798	461012	492280	483112
330807	318874	407214	401854	406447	384952	379704	362308	360384	361363	373683	378529	385025	390611	394601	413147	423416	437106	445004	460005	489159
335582	329456	317693	405341	400152	404598	383426	378326	361003	359177	360178	373585	379077	385618	390726	394269	413947	423366	436111	443707	457027
337479	334128	328101	316367	403301	398059	402625	381924	376871	359681	357860	359911	373962	379370	385366	390547	394758	413752	422342	434758	440830
341372	335770	332641	326524	314932	401011	395863	400625	380208	375362	358204	357205	360072	374175	379070	384801	391041	394467	412802	421017	431897
377559	339601	334046	330917	324844	313316	398584	393548	398549	378475	373706	357517	356762	360127	373668	378410	384831	390868	393366	411466	417911
375648	375540	337729	332116	329107	322888	311609	395977	391061	396336	376631	372789	356927	356213	359360	372811	378204	384241	389962	391994	408251
367403	373417	373328	335699	330130	327196	320812	309786	393227	388539	393966	375593	371982	356144	355048	358381	372401	377460	382917	388711	389214
342721	364858	371074	370915	333630	327826	325034	318652	307791	390498	386035	392895	374637	370995	354929	353666	357611	371361	375988	381264	385577
327662	340216	362265	368483	368337	331315	325316	322801	316318	305757	387698	384949	391790	373493	369529	353392	352554	356413	369803	374232	378525
337945	324949	337521	359512	365656	365596	328791	322785	320423	313884	303591	386466	383831	390512	371949	367890	352122	350966	354768	367966	370909
331051	335019	322076	334478	356423	362786	362579	326091	320036	317919	311337	302031	385010	382627	388797	370246	366224	350332	348802	352796	364437
327342	327777	331824	319140	331280	353097	359663	359391	323196	317237	315307	309768	300295	383478	380915	386785	368473	364442	348238	346604	349358
318177	323723	324340	328488	315957	327813	349718	356353	356064	320286	314290	313309	307815	298352	381510	379019	384767	366425	362039	346017	342449
322312	314117	319916	320619	324896	312463	324165	346073	352712	352667	317126	312158	311234	305891	296202	379358	376888	382456	364017	359286	341414
334986	317828	309956	315828	316595	321145	308725	320283	342149	349141	349075	314704	309574	308940	303625	293971	376936	374442	379740	361235	353911
306320	329734	313259	305651	311392	312257	316964	304789	316212	337992	345180	346092	311857	306886	306134	301119	291495	374327	371588	376766	355592
303503	301153	324294	308345	301121	306888	307796	312730	300794	311982	333831	341848	342625	308841	303994	303431	298554	288934	371320	368605	369814
299140	297796	295731	318561	303253	296355	301981	303010	308164	296627	307692	330454	337999	339087	305445	300828	300390	295797	285898	367984	361813
287871	292822	291702	289998	312544	297800	291123	296713	298080	303479	292249	304462	326661	334204	335166	302082	297764	297279	292626	282622	360586
280037	281223	286238	285431	283943	306182	292176	285665	291318	292968	298634	288231	300816	322846	330080	331043	298621	294502	293953	289454	277423
270694	272941	274188	279249	278807	277632	299589	286014	280018	285833	287700	293990	283727	296707	318415	325514	326690	294631	290641	289972	283460
263226	263103	265655	266967	271928	271792	271074	292442	279655	274094	280060	282896	288859	278898	292158	313550	320539	322134	290159	286401	283553
248290	255431	255363	257966	259382	264284	264421	264114	285049	273185	268032	274538	277432	283341	273737	287406	308388	315402	316840	285468	279694
238211	240364	247474	247336	249973	251398	256327	256394	256989	277736	266601	262041	268505	271776	277333	268367	282229	302848	309653	311213	278487
231277	230003	232218	239160	238906	241595	242953	247864	248339	249778	270074	259863	255352	262231	265431	271300	262627	276733	296812	303475	302394
144873	222335	221438	223605	230446	230254	232952	233926	239183	240286	242316	262439	252366	248545	255161	258928	264725	256527	270739	290275	294084
107701	138867	213147	212606	214781	221359	221262	223742	224940	230596	232144	234616	254284	244772	241150	247881	252075	257929	249634	264356	280800
110243	102682	132565	203735	203333	205539	212073	211727	214254	215784	221842	224154	226185	245975	236700	233693	240348	244723	250425	242427	255205
132366	104772	97574	126183	194087	194118	195945	202201	201941	204994	206814	213846	215243	217838	237041	228532	225548	232423	236753	242555	233270
158849	125204	99025	92325	119665	183976	184349	185879	192032	191876	195467	198190	205108	206468	209012	227892	219608	217103	223884	228444	232349
154594	149525	117696	93235	87101	112997	173561	174102	175753	181795	181998	186447	188933	196632	197068	199952	218254	210286	208087	215094	218060
146952	144662	139878	110073	87484	81659	106151	162694	163783	165655	170680	173073	176580	179702	187340	187613	190719	208253	200245	198774	204368
137398	136620	134257	130164	102410	81383	76192	99068	151957	153503	155269	159799	163365	167233	170167	178103	177698	180581	197486	190151	187806
116176	126762	125911	123912	120197	94825	75277	70349	91906	141121	140837	144707	148064	153024	156705	160340	168096	167018	170155	185841	178530
107234	106108	115743	115350	113783	110327	87217	69100	64708	84964	130274	129670	132824	136188	142092	146464	149932	156964	155861	159162	172836
88544	96981	96102	105047	105152	103604	100435	79423	62890	59346	77975	116898	118527	122481	123884	129522	135523	138997	145799	143990	147512
76074	79308	86856	86377	94650	95018	93703	90747	71622	57106	54113	70854	102978	108560	111197	113018	116636	121764	125200	131923	132176
59710	67114	70082	76862	76986	84620	85038	83351	81048	64170	51285	48646	63590	92692	97953	100142	102175	105125	109522	113100	118685
50491	52054	58386	61187	67573	67962	74669	75090	73502	71635	57215	45451	43051	56913	82739	87984	89837	92450	94821	98871	101998
40845	43474	44684	50306	53017	58729	59311	65026	65440	63978	63155	50190	39583	37869	50169	73411	78150	79492	82851	85152	88524
31765	34556	36747	37879	42795	45270	50390	50731	55778	56626	55646	54589	42916	34448	32715	43662	64284	68484	69607	73809	75161
24417	26419	28903	30620	31650	35967	38119	42474	43062	47297	48565	47430	46075	36768	29383	27990	37596	55383	59153	60392	64486
20140	20090	21590	23883	25232	26092	29679	31479	35345	36180	39835	40430	39105	38688	30705	24945	23559	31705	47382	50266	51701
14703	16110	16079	17342	19453	20279	21127	23998	25615	29272	29981	32632	32713	32244	31577	25476	20650	19467	26191	39948	42186
11211	11637	12661	12544	13744	15691	16074	16650	19198	20510	23761	23939	25784	26410	26022	25790	20511	16645	15797	21321	33199
7835	8710	8971	9632	9718	10647	12182	12400	12931	15007	16104	18668	18447	20354	20674	20581	20325	16174	13079	12521	17262
5628	5876	6583	6797	7281	7380	7980	9222	9499	9794	11495	12328	14138	14322	15640	16096	15979	15669	12507	10173	10255
3962	4081	4316	4972	4998	5416	5431	5835	6771	7131	7389	8493	9060	10839	10756	11892	12189	11889	11839	9508	8045
2677	2827	2943	3084	3545	3680	3951	3844	4200	4925	5203	5366	6027	6706	7812	7915	8796	8896	8802	8813	7529
1621	1903	2024	2048	2155	2571	2689	2856	2726	3023	3495	3772	3710	4334	4668	5686	5642	6197	6334	6353	6713
1024	1139	1292	1382	1370	1472	1715	1919	1976	1877	2137	2432	2555	2610	2914	3341	3905	3883	4365	4402	4841
701	706	749	864	942	868	951	1120	1404	1366	1292	1454	1607	1764	1783	1993	2209	2598	2609	2972	3205
463	471	460	503	572	639	560	587	792	1103	890	923	957	1108	1169	1206	1283	1470	1692	1701	2144
623	668	685	721	675	735	756	774	794	938	995	1267	1453	1762	1947	2213	2163	2253	2295	2329	2453
